军工: 163115 003017 005693 502003 161024 000596 002199 164402 160630 012041 010364 160643 501019 005774 000535 001838 002251 002885 011712 004139 004698 011592 005609 011113 002983 008960 004224 011148 000690 020022 001475 002703 000354 580009 011949 168501 001056 460002 002567
煤化工: 010561 161715 257060 002601 160620 080005 161724 008682
新能源: 010419 163114 164905 002984 160634 001064 164304 160805 011143 011142 004745 001166 004812 004813 001476 011322 001576 006478 630005 210008 000609 001143 010293 001298 001106 550009 000279 004784 630016 005492 008009 000603 001657 160624 001662 000431 005953 005954 006526 001281 002072 000410 005331 004895 000541 002419 002669 001397
节能环保: 501030 164908 501031
网络游戏: 004752 004753 160629 010677 164818 161030 161036 005585
化工原料: 161715 582003
稀缺资源: 257060 160620 050024 161715 161217 011607 690008 166301 011068 240022 001959 000390 630002 160221 004432 010990 165520 004433 011630 011631 003625 003624 010761
黄金概念: 002207 001302
生物疫苗: 010572 161122 161726 006757 006756 011040 011041 165519 501009 501010 000376 000373 007077 007076 008551 008552 501005 501006 010366 160635 007883 001344
机构重仓: 006486 006487 162413 005457 004194 004195 001917 007950 009726 009727 161039 006195 090019 006038 009327 009328 005313 005314 007885 007886 006440 006441 501036 164809 501037 000008 007223 162711 006382 070039 002903 006656 001052 001241 004348 008259 160119 008258 000962 006657 005919 008396 008397 006214 006215 010993 660011 010992 007028 006087 001214 007029 165511 001455 006938 160616 007932 008001 002872 006611 002731 002730 011410 007410 007411 011411 005126 006165 006166 008112 008113 006104 001244 202025 007571 007089 005994 010246 501069 460009 010535 010534 162907 260115 161038 000978 519117
物联网: 003359 002236 210009 162102
基本金属: 160620 050024 257060 161217 690008 161715 011607 166301 000390 001959 240022 011068 160221 630002 165520 010761 011630 011631
预盈预增: 006486 006487 162413 005457 004194 004195 161039 005313 005314 006165 006166 002210 003865 001917 009327 007950 011410 009328 011411 003646 003647 070030 005727 002731 501036 501037 002730 164809 000008 006656 008259 007223 008258 070039 006657 007885 006104 007886 001241 006382 001052 001244 162711 165511 002903 160119 004348 000962 010993 005919 010992 006087 006440 660011 006214 006215 006441 001214 008396 008397 009726 009727 007028 007029 001455 008001 006938 007932 160616 010246 460009 002872 006729 202025 006730 007571 006611 008112 001050 008113 003241 003242 004192 004193 162216 006682 000478 005633 005994 007089 161038 162510 000978 005126 002076 005632 007386 161017 003717 007903 006195 010484 010154 010153 005244 005245 002311 002316 007831 001637 004790 007832 004791 001990 004234 007943 002305 005966 005965 008778 004945 007499 008779 007994 161123 007995 009608 009609 501069 007835 003016 005062 003578 005795 010534 010535 003165 003166 000362 000363 519975 001556 001557
锂电池: 000696 164905 501057 501058 011323 001790 010805 010806 161028 009068 009067 001000 163114 010419 000409 011512 011513 002984 001064 164304 160634 001156 005037 005038 160424 160422 007465 007464 160420 002272 002083 002084 160805 160225 005634 161613 004870 009892 002071 000496 000404 010345 010346 007346 460001 519095 010412 001606 006751 007475 011126 007474 000336
云计算: 165523
太阳能: 519702
铁路基建: 001917 007950 090019 006038 519677
水利建设: 164811 164825 009263 010841
参股新三板: 006038 090019 006195
中药概念: 501011 501012 005505 005506
北斗导航: 000535 501019 161024 003017 005693 163115 502003 002199 000596 005774
大数据: 003359 002236 090019 006038
创业成份: 001592 001593 002656 003765 003766 004343 004744 005390 005391 006248 006249 010183 050021 110026 009012 009013 009046 009047 161022 007664 007665 160637 160223 007464 007465 160420 161613 004870 160422 160424 005873 005874 010749 010750 004394 001879 006928 010786 010785 005287 005288 003069 003070 009981 009982 002980 007474 007475 007737 007983 007984 010356 163209 006910 006909 233010 009513 009514 001540 008072 004875 161612 008169 009146 360012 001723 470068 000827 008168 010109 008144 000826 340007 700002 161812 202011 004876 006539 161227 001409 163109 161604 006687 006688 004345 202017 009556 004408 217016 004742 008236 110019 008237 008793 009472 162714 008794 001048 001197 009557 010505 010730 001508 001510 001986 000020 011474 009597 000263 001188 009596 585001 202212 006895 519039 006894 007063 530018 001222 000965 160518 001490 008305 005475 233015 007472 007473 005474 002861 009646 009647 008499 006556 006557 519935 008500 006084 006198 008468 002293 008467 487021 002142 001734 001735 006905 006295 006904 005268 008250 008249 006802 008208 006801 010562 010563 002424 005643 005642 010133 010132 005664 005665 001297 006290 006291 009777 009776 070022 007261 005878 009891 202007 001852 008445 000073 007528 007527 009273 160519 000936 005397 006991 000021 000955 010147 202003 377020 001496 006540 000697 010155 010156 004435 004434 001042 010455 001721 010456 007387 002605 002612 002259 008949 008950 008159 166006 004231 008158 550015 004476 009241 900089 002955 001416 161601 900099 008671 007060 009994 006763 009995 161610 007843 007842 009873 009872 002049 009572 202023 001726 005206 002577 006590 000527 009340 070010 001053 007059 160133 481001 009801 470009 009800 007241 007242 006575 005729 006266 008989 160505 519008 006269 008988 008264 008265 160812 010334 010333 952313 002000 009878 952013 008855 009879 160813 008854 005275 005276 010062 010063 005067 002043 005742 009270 008150 006886 000136 009709 350009 630015 003658 000173 090012 410007 487016 005262 005263 005351 007662 010114 005760 009808 001102 000993 003152 003153 009661 006253 009662 007651 006252 007661 001759 002079 004148 009619 009620 550008 007082 010181 010182 001679 007083 002496 002495 000030 690009 009720 690007 004934 010088 008837 010089 000313 007734 000312 007733 008886 160603 008553 006305 002649 070013 005619 005618 410003 002959 009929 009930 481017 008274 008275 161037 010771 010772 001280 000513 001714 010687 000124 001118 002326 240011 009967 011870 001125 007346 005498 008709 006223 007056 161025 009058 007274 008065 009057 008066 010357 010358 040002 006058 070011 160636 000935 008754 180031 006322 008755 006321 006623 001470 006622 168103 002160 010299 010300 011565 005979 163411 005980 000788 010202 010203 010420 010395 010396 673050 010372 005914 008934 009152 009153 008935 010371 009360 000601 009361 007799 010305 010306 163111 002124 010433 169201 470008 161118 009189 540010 006813 007650 410010 002562 290005 001000 217013 005833 005834 519018 006880 010116 007349 010275 470098 710002 007350 010276 519222 005225 010117 006297 180003 000928 002419 005080 002945 005944 004569 005081 005943 006366 001869 006449 002564 002482 006306 009781 690004 970017 970016 008138 008546 050022 008400 009618 010892 007895 010893 007232 008399 519035 001715 001998 519134 180018 900029 900030 002451 002563 003940 006336 000994 001396 002683 161031 002450 202002 202001 000995 001028 000698 002011 011307 100020 003494 161005 004677 008860 006615 008681 006616 004917 004918 007965 007966 001036 001104 010129 010242 010128 010243 360005 010296 010297 007297 007298 001088 001648 007688 009076 007694 007695 009795 004686 398031 001938 004241 011304 001397 007897 011305 000326 000549 006386 007896 006385 008603 005220 008602 006121 005962 005963 550002 010323 010186 005638 009491 006581 009492 010113 010112 010187 010193 002133 007272 005682 011020 660001 660004 006392 004112 000031 000259 003279 008313 008277 010032 160611 005409 000751 008920 000595 006100 006101 008919 010549 671030 001008 002773 002229 008749 008750 002774 360006 009892 011241 519224 580002 002152 519223 002304 007048 320022 008736 008737 008901 160624 163809 005802 110010 001463 004477 001039 002555 009398 000404 001215 002513 004512 004513 002004 009774 010570 003659 000110 010571 001054 009993 002003 009958 009959 009132 162703 740101 010432 180013 270026 005543 003745 007660 001534 009335 010013 010127 010126 519001 008697 011006 008244 009989 550001 011177 005481 007779 011178 007343 003593 006209 003116 004450 200007 519157 009055 519156 001443 007893 007894 009056 010143 002307 003115 008228 010465 202005 002157 010466 005868 005869 008227 006541 005251 010967 003769 008786 011056 010968 002075 009392 009391 008819 163805 009185 005738 240009 001796 002789 010073 002158 090009 000870 009030 010072 011667 011668 000127 005170 001220 660003 002790 005169 009381 009382 005449 006751 011126 002417 001444 001709 006478 660010 010552 000530 010553 010460 008903 009884 010345 010346 270005 010025 009114 340006 000082 008734 005911 010313 217020 270050 009314 010134 009115 006890 004183 007806 007807 163801 070099 010289 100026 160805 001150 003131 519670 007750 290004 001366 006868 007780 009370 009371 008866 008867 010599 673141 673143 011259 519655 002179 288002 519026 004606 002593
智能机器: 006195
智能穿戴: 165524 000942 002974 002900 004347 008898 008899 165522 005495 005496 007817 007818
手游概念: 161030 164818 010677 004752 004753 160629
特斯拉: 006486 006487 162413 005727 070030 005314 005313 004194 004195 006166 006165 161039 005457 003646 003647 002210 003865 008415 005245 005244 000363 000362 162510 003567 001271 001270 000458 007835 001990 004234 001643 001644 006257 007484 009327 009328 001410 009511 001532 610002
网络安全: 165523
苹果概念: 165524 008898 008899 070030 005727 000942 002974 001271 001270 005495 005496 000458 008415 002900 004347
国家安防: 210009 162102
医疗器械概念: 001180 002978 000059 006569 001551 001550 008154 008155 163118 501005 501006 162412 502056 009881 160219 010366 160635 007076 007077 008552 008551 161035 501010 501009 007613 161122 010572 006757 006756 005043 005044 009502 009503 001563
智能家居: 260115
国企改革: 006129 162907 006130 003318 519117 001917 007950 009263 010841 010561 006440 006441 009726 009727 519677 005994 007089 007885 007886 006938 160616 000978 009658 009775 007594 007593 006611 008112 006682 008113 161123 202025 007571 006104 001244 164811 460009 164825 010246
氟化工: 010363
基因测序: 001551 001550 000059 006569
小金属概念: 010990 004432 004433 011630 011631 160221 165520 003624 003625 540008 110025 003834 240022 005402 010235 011068 005353 005352 006051 006052 005927 005928
国产软件: 001629 001630 160224 007853 161628 160137 168701 168702 008585 008586 165523 009239 161631 008020 008021
充电桩: 010419 163114 164905 002984 160634 001064 164304 160805 011143 011142 004745 001166 004812 004813 001476 011322 001576 006478 630005 210008 000609 001143 010293 001298 001106 550009 000279 004784 630016 005492 008009 000603 001657 160624 001662 000431 005953 005954 006526 001281 002072 000410 005331 004895 000541 002419 002669 001397
券商概念: 012044 160419 501047 501048 008591 161720 502010 007992 007993 008590 160516 004069 004070 007531 160633 006098 502053 163113 501016 161027 001553 160625 001552 007882 000950
5G概念: 007818 007817
人工智能: 003359 002236 162102 210009 165523 008586 008585 160137 002244 260115
精准医疗: 001550 001551 000059 006569
军民融合: 011686 011685 501019 003017 161024 005693
大飞机: 163115 161024 502003 003017 005693 164402 010364 160643 012041 160630 005774 001838 000596 002199 501019 000535 002251 004139 002885 011712 005609 011113 004224 011148 002983 008960 004698 011592 000690 020022 001475 002703 000354 168501 001056 580009 011949
MSCI中国: 163821 008145 010534 010535 290010 006942 006943 000877 006580 460220 007856 007857 001588 001589 000172 001074 006531 010234 005258 009904 009905 010267 005055 162510 006532 004345 202017 010266 163109 160806 005215 005216 007571 202025 005156 006292 007159 005157 007160 005459 005460 009573 010432 270026 005868 005869 006859 007249 008113 008112 003241 004743 110021 003242 006622 006623 001050 008396 008397 000962 005919 006860 006214 660011 001052 006215 006382 006656 161612 006657 010993 007223 008258 010992 000042 007029 008259 008553 164809 002903 007028 162711 001214 006087 850099 000008 002872 070039 004348 010153 010154 160119 001241 004875 006611 007886 008158 850088 007885 001637 008159 166007 501037 161038 501036 008001 006063 165511 007932 001455 006705 006704 005217 009161 000975 005735 002025 007840 006339 006938 007839 008201 007272 007662 160616 006294 007232 008779 008778 005980 005979 001974 006293 005761 005762 006286 005789 004730 005788 007806 007807 005832 009375 002730 009374 010064 002731 007177 007217 010065 008944 008945 470007 001667 006160 006161 002311 002316 007274 002026 007231 007688 005829 007695 005830 007221 007694 005632 007994 007995 004958 007673 007470 007471 161017 004618 004617 006290 006291 004881 001736 010311 008592 008245 008246 008593 470068 002670 003986 007794 008930 008319 000082 008318 006525 006245 006524 007242 007241 004192 004193 004959 000326 163409 006306 005502 007904 009322 006298 007044 007045 501086 006297 007310 009818 009817 006104 001244 070017 161718 010112 160807 007188 010113 009572 006307 007247 090011 006042 006321 006322 009060 009059 002076 007386 008251 004234 001990 007934 009156 008252 007499 007933 009154 003578 005635 005636 003016 009143 009155 002305 007649 005220 005248 005850 008184 005434 009157 006886 001379 519616 001362 004190 006034 008144 009208 165310 004191 004944 004948 519617 000411 166109 166110 005599 005600 008754 008755 007297 007298 007843 007842 004951 009336 009337 005221 005222 001980 006991 011320 004669 009525 519614 011319 450008 519613 519050 673020 004668 007541 952013 952313 007650 006600 005949 585001 006918 007779 009526 003295 006586 006575 519228 003957 519229 003958 161026 002003 100038 163110 007538 005607 007539 005608 009884 165309 410010 002004 002210 008178 003865 008179 007275 009146 000478 005633 007276 002172 005870 006157 006020 007651 004652 004653 502006 010246 006021 000312 460009 004763 005080 005081 000313 002220 006305 000311 001648 009340 006729 008753 000273 006730 007632 040002 070030 519224 000176 100053 519223 001733 004764 004936 005727 519130 004937 007404 003876 005103 000656 005102 006939 288002 002027 001498 007903 161118 160615 165515 005639 006937 460300 000051 005658 005866 006131 481009 005640 110020 501045 002174 163111 501043 005865 007339 009327 009328 160706 007799 005530 005918 010556 160724 270010 660008 000961 002987 161039 000613 004536 006911 006957 008391 009003 008390 008776 050002 002385 008777 162216 202015 005295 005758 004342 008927 008926 005759 673101 700002 007661 673100 000368 004686 010872 010873 320014 008609 010352 001849 002310 002315 004481 450010 660006 003647 003646 005867 000058 007939 020011 002837 007143 007144 009442 004517 007943 007748 004891 007096 519300 004892 004484 006682 004485 673090 010525 007668 004194 004195 010193 005231 006022 008757 002545 010515 165806 006197 008758 004480 005232 006196 003475 007039 003161 006440 006441 400011 010046 010047 008239 002906 008238 162213 003548 040190 002340 002907 005189 487016 007416 005188 006581 007415 004359 005113 005114 006295 005120 004360 005550 519222 005551 519133 006048 003884 004769 202019 003885 007413 007747 000110 233010 001283 004218 001284 519117 001426 001420 005261 005260 007502 002513 009351 009608 009107 009609 009106 006438 003015 006439 004512 003579 004513 007643 004131 009352 006119 000850 009384 004132 008625 000849 006289 008513 166802 009183 005323 005324 008514 003366 009362 009213 001770 009363 000072 009184 001334 360001 005014 519134 005015 001765 010043 519003 010044 010551 002808 006608 001557 001556 000199 009355 002717 001503 007127 008400 009214 000471 007126 001183 002718 007831 008399 165512 007832 006296 519961 519960 001397 004674 004675 004945 007804 310318 008617 151002 001504 006165 006166 006527 006528 003966 550003 003967 210006 320011 005741 010158 007848 010157 000512 001189 002063 007255 240009 010735 008886 010150 002006 003125 001291 002783 006557 002784 006556 004648 009606 160812 002261 519965 009747 004858 004397 009607 007780 002952 010854 001256 001741 010855 006620 005067 006621 162907 002496 320015 530018 009611 010791 005739 009270 009612 003118 010790 006511 001742 002435 002495 006512 006861 006912 200002 340001 001789 210010 004716 210011 000933 001528 217010 006862 000978 007070 007638 163415 009264 519963 002614 006346 006347 007071 519962 000549 010202 010203 007250 001015 007825 007826 519116 005062 005795 001202 007090 009335 161816 003117 002605 007896 217009 001181 003456 005965 005966 007897 004202 001016 233015 400023 008221 100056 003717 010484 007042 005083 004693 008305 519034 003293 009004 009989 003126 002955 009151 003127 005041 008749 008750 009383 005618 009472 162714 004742 005042 070013 110019 002111 006687 002314 110012 005994 006688 007089 550001 161610 202213 001116 004408 217016 005619 009241 008236 008237 011438 162107 161005 002434 006209 011439 004721 000932 004876 002262 009113 502013 004720 001603 003183 001028 002494 010657 010658 005225 006564 009992 003182 005178 008631 161604 002923 004355 003154 008127 161227 001708 166002 002615 004237 009513 009514 002498 001419 000215 163406 002584 005177 003144 162414 001242 002011 007271 860009 005616 006649 007660 590007 006648 001547 008124 005082 005137 011907 002593 006084 001133 002668 007448 009874 002977 320022 860058 005429 100026 002018 001201 005430 009460 161811 002019 007811 161609 160607 001485 006429 006880 007812 001562 002660 007783 008621 007782 610001 002249 959991 010552 005958 010553 003658 005957 000432 167601 000664 001442 006594 003045 006593 160323 007652 009634 009635 002612 210007 008072 005109 002485 002233 005110 007387 001897 005760 001152 008723 004791 005219 004790 005218 010395 011474 470009 000263 001324 004510 010323 010396 010923 001650 160137 001054 000513 001147 001351 550008 003848 002307 010355 001265 007238 240002 001146 007239 002363 001505 003849 005387 350002 001335 004157 009185 001228 002364 008249 008250 001270 005976 001271 005386 001731
养老金: 006487 006486 004194 004195 162510 162413 009327 009328 202025 007571 161039 005457 002210 070030 003865 005727 002872 001050 003646 007903 003647 006656 162711 002903 006657 164809 007223 008258 008259 001052 006382 660011 001241 501036 000008 000962 007885 070039 501037 003241 007886 002730 004348 005919 003242 010992 160119 008396 008397 006214 006215 007028 007029 010993 002731 001214 006087 006165 006166 001455 165511 007932 008001 006611 010153 010154 006938 160616 010534 010535 006104 001244 005632 001990 004234 008112 161038 008113 005313 005314 501069 004536 001637 007994 007995 002305 002311 002316 006440 006441 161017 007499 004192 004193 003016 010246 003578 460009 008778 008779 000478 005633 004958 002076 007386 001736 004959 006729 006730 008245 008246 006682 005607 005608 007831 007832 010157 010158 005459 001980 009608 009609 162216 005460 010064 010065 011410 011411 009726 009727 010432 270026 003165 003166 008145 003717 010484 000978 005966 005965 005146 007673 005055 006532 007943 519614 519613 005014 005015 008930 006144 006143 005126 009336 009337 001556 001557 003366 001242 005434 005795 005062 163110 020010 007089 005994 006160 004945 006161 003986 007794 004790 000362 004791 000363 519117 007410 007411 005244 005245 008415 460220 009003
区块链: 003359 002236 006038 090019
工业互联: 210009 162102 260115 002244
独角兽: 006486 006487 162413 005457 009726 009727 005313 005314 008898 008899 501036 164809 501037 007223 000008 008259 002903 162711 006656 008258 070039 006657 001241 006382 010993 160119 000962 004348 006214 660011 005919 006215 001052 010992 006087 008396 001214 008397 007028 007029 165511 001455 007932 008001 002730 002731 162510 002210 003865 001917 006195 007950 003646 003647
OLED: 165524 008898 008899 004347 005495 002900 005496
影视概念: 164818
冷链物流: 007410 007411
电子竞技: 161030 164818 010677 004752 004753 160629
华为概念: 210009 162102 003359 002236 008898 008899 165524 002244 260115 001167
光刻胶: 001404
国产芯片: 007300 007301 008281 008282 008887 008888 320007 519674 002560 007685 000767 004666 007872 165528 290011 002256 002863 010003 010004 001404 001618 001617 010531 163116 519929 360011 080012 008634 008633 010237 010238 008121 008120 007854 005311 005312 161903 257070 000522 001956 009354 009353
无线耳机: 008087 008086 010524 008889 160626 217019 004409 001361 012040 163116 010531 160636 001617 001618 161025 000942 002974 007873 007874
白酒: 161725 160632 012043 004987 005235 005236 160222 001631 001632 009476 009875 009876 110022 003190 003191 001382 200008 160605 001320 000248 009180 009179 000083 007308 001076 002021 010801 010802 519710 008260 001384 001385 162605 164205 002001 005004 519714 004868 519150 004189 070032 007047 260108 006712 006713 420003 006604 006605 005544 260109 673120 001193 020005 001030 010454 000854 009331 009330 001928 001927 260104 004805 001832 006341 006342 008975 008976 006397 519979 610005 009988 260110 009240 007534 007533 008166 008167 070018 270007 001535 007945 010594 009116 000529 009117 008273 010151 010152 000532 007548 009194 009195 160512 000551 610007 001140 310388 090015 005827 009086 011186 000117
CRO: 003096 003095 010110 010111 009163 004851 006228 006229 010732 010731 008359 006113 009881 502056 162412 004075 002300 009162 470006 005453 005454 011151 000220 002919 005176 000945 000946 001915 010394 011948 010393 006002 006003 011308 006218 001717 010685 011453 005805 010031 004905 000831 009664 009665 399011 161035 000913 008412 008413 000684 000452 005238 163001 005237 010090 010091 002408 007553 003581 000711 007111 001766 005303 005304 003291 008293 000879 000878 006981 007005 009275 000960 161616 001171 005112 005520 160219 050026 002708 163118 001898 004040 004041 002264 240020 001344 007883 001558 001559 005293 007718 010500 010655 010654 011895 008107 009468 009469 005689 010159 008552 008551 160635 007076 007077 010366 501010 501009 011082 000523 005044 005043 010387 010388 000870 010586 010585 003231 003230 011069 011070 009542 519171 005209 005210 161726 007481 011040 000373 011041 000376 006881 009893 001417 009779 009778 519670 001861
新能源车: 010805 010806 161028 009067 009068 501057 501058 011512 011513 000696 160225 400015 004925 002083 002084 005939 005940 011323 001790 001156 008640 008641 006250 002190 002272 164905 005037 005038 009644 009645 519095 001606 000336 002168 003984 003985 011260 011261 003853 005885 009147 000496 002071 001616 005765 001811 011329 011328 580006 000793 481015 003834 162202 009892 005634 010412 163114 010419 000409 000126 160634 001064 164304 002984 001166 001951 004745 001245 001281 002072 690011 001220 007163 007164 162208 005927 004813 005928 004812 004784 000689 006751 011126 160805 210008 162201 398051 006051 006052 005352 005353 460001 010345 010346 005009 481010 011146 011147 005368 011127 005708 010135 010136 001000 000209 007306 007307 000328 001657 001229 002106 660005 002634 000828 000609 001476 000404 001143 377240 004241 001938 010293 001106 630005 005492 630016 530001 000592 000259 007346 100022 005076 005815 377530 001471 005638 006128 001662 009835 005668 001323 002170 004890 002417 000530 375010 001225 001858 006251 006371 006372 009092 540008 010302 010301 001808 005743 005744 590008 002179 550009 660001 005840 000462 217020 008009 008177 011668 001322 011667 519025 006266 006269 010587 010588 007141 007142 000279 005360 005628 005629 001709 011206 011207 660015 001298 660004 169201 673060 009258 000039 001827 005794 010610 010892 008919 008920 010893 005968 005969 180031 011322 001576 006392 009808 002064 373020 006270 006271 004332 370024 006265 009189 550002 001009 001125 005630 004895 163803 002669 000541 001397 005211 001457 006424 050010 006425 519672 000967 008373 008374 001410 003593 000021 006154 010028 009636 011454 007968 006257 010291 000566 009511 630001 213003 007484 660003 000755 005049 005050 011223 340007 011188 011143 040015 000431 011142 000796 151001 009380 000794 000124 001569 005341 005342 005983 000601 001028 001279 009557 010505 630015 006348 009318 009319 010563 001215 010562 010313 002555 000884 210004 000822 007474 007475 006891 007203 213002 160624 001702 001753 009641 519642 150103 002148 519679 009640 001677 010812 005207 202027 000410 001740 006526 001039 010779 519935 005331 168002 001978 007060 008244 005728 002683 006813 481001 001416 000698 005894 240017 004394 001097 000757 009368 009369 002419 005572 005571 310328 006478 002482 006233 008526 550008 690004 006234 007966 008527 007965 009556 005802 001158 003956 010129 002296 010128
云游戏: 161030 004752 004753 164818 010677 160629
传感器: 165524
氮化镓: 001404
半导体概念: 007300 007301 008281 008282 008887 008888 320007 519674 002560 007685 000767 004666 007872 165528 290011 002256 002863 010003 010004 001404 001618 001617 010531 163116 519929 360011 080012 008634 008633 010237 010238 008121 008120 007854 005311 005312 161903 257070 000522 001956 009354 009353
数据中心: 165523
第三代半导体: 004666 002900 004347 610002 008281 008282 002863 008887 008888 080012
无线充电: 008087 008086 010524 008889 160626 217019 004409 001361 012040 163116 010531 160636 001617 001618 161025 000942 002974 007873 007874
航天概念: 161024 003017 005693 502003 163115 501019 164402 000596 002199 160630 012041 001838 160643 010364 005774 000535 004139 002251 002885 011712 004698 011592 005609 011113 002983 008960 004224 011148 000690 020022 001475 002703 000354 168501 001056 580009 011949 460002
碳交易: 501030 501031 164908
固态电池: 160225 005939 005940 003834 400015 009067 009068 010805 010806 002084 002083 161028 009147 501057 501058 008640 008641 009644 009645 011513 011512 011260 011261 011328 011329 000696 540008 004925 580006 000209 162202 001245 005927 005928 005368 011127 005037 005038 001156 005885 003853 011146 011147 481015 000793 005765 001811 005352 006051 005353 006052 006250 481010 519095 005076 007164 007163 000689 000592 002272 164905 690011 530001 005572 001790 005571 011323 040015 002634 003984 003985 162201 398051 010135 010136 006533 162208 000828 001410 001606 006257 007484 010587 001220 010588 001166 000496 002071 006371 006372 000336 008177 002190 006154 001858 210008 006128 006265 005743 005744 006233 006234 004745 002072 160634 163114 001281 010419 009511 164304 001064 002984 005009 011188 011223 001951 010412 005207 202027 002168 001753 001643 001644 210003 000757 377530 001616 004890 005634 590008 001657 005708 377240 001225 005341 005342 001808 007771 007770 006251 002148 003567 006891 410006 673060 006392 009258 004784 005049 005050 168002 000126 001476
汽车芯片: 008281 008282 007300 007301 008887 008888 002863 001617 001618 010531 163116 004666 320007 000942 002974 007685 002560 010003 010004 165522 165528 519674 002900 004347 000767 008326 008327 004616 005763 001404 007872 519929 080012
被动元件: 519704 610002 011593 009402
碳化硅: 610002
