交运设备: 160135 160639
农牧饲渔: 010769 010770
食品饮料: 160222 001631 001632 005235 005236 160632 009180 009179 000248 012043 161725 009875 009876 110022 009476 006712 006713 008975 008976 007308 003190 003191 164205 001382 519710 000083 200008 009116 009117 004987 162605 001384 001385 519714 005004 004868 260108 420003 001076 001030 260109 007534 007533 160605 070032 001928 001927 010801 010802 260104 002021 260110 020005 610007 001193 007945 006341 006342 006605 006604 001535 009329 501090 010454 008166 008167 008260 610005 002001 009988 004189 001320 007047 270041 010022 009240 009565 009194 009195 009564 000532 260103 010151 010152 010350 000551 002967 090015 011282 011283 011186 008519 008520 005544 009330 009331 007548 010594 001832 008175 008174 009899 070018 010197 008273 010196 006397 519979 519150 005827 160512 004805 270007 004407 673120 217017 009940 000477 009941 010536 010537 000854 000529 000117 010105 010104 110003 004746 003715 310388 009265 011755 003282 010298 003283 519068 009086 011248 008712 004488 005229 010737 010736 519066 002330 370023 006408 008958 519915 011309 001140 008131 011477
互联网服务: 010531 163116 001618 001617 000942 002974 001361 160626 007685 012040 005035 005036 008086 008087 010524 008889 165522 011120 002692 009354 009353 005495 005496 161025 160636 010496 010495 519929 110002 112002 004409 217019 001275 161031 165524 166801 008281 010307 008282 010308 008887 008888 008327 008326 000549 005310 000767 010236 002863 001271 001270 010004 010003 001227 002900 004347 003054 161037 003053 007873 007874 001028 610002 010148 010149 165528 080012 008749 008750 004616 005763 050022 007300 007301 000697 000458 007490 007491 006435 009376 006366 161033 010956 010955 001513 001975 004666 008120 008121 001072 011059 010323 011058 004044 010026 270021 002560 260111 001255 320007 260101 001672 011377 011378 161903 002133 005311 005312 160518 360011 585001 001404 010432 270026 010202 010203 010013 007854 001150 008021 008020 009057 000264 009058
通信设备: 007818 007817
房地产开发: 004642 004643 010989 160218 008088 008089 160628 161721 001185 002029 162607 000772 519185 519191 011726 008477 001583 519212 001316 001338 005576 001711
塑料制品: 006486 006487 162413 004194 004195 001917 007950
家电行业: 005063 005064 008714 008713
电子元件: 008327 008326 000942 002974 010531 163116 001617 001618 002692 011120 001361 165524 165522 160626
化学制药: 001180 002978 163118 160635 010366 007076 007077 008552 008551 160219 006569 000059 001550 001551 000373 000376 165519 007883 001344 161035 008154 008155 501005 501006 007111 003581 501009 501010 161122 010572 008107 050026 005237 005238 011895 161726 005689 010159 011040 011041 110023 001559 001558 006757 007718 006756 010500 007613 009469 009468 162412 502056 009881 000960 004040 004041 005043 005044 001898 009275 161616 009503 005112 009502 009414 010321 011308 006218 006981 007005 000945 006240 000946 006241 002264 001230 001915 004075 009898 000913 008293 005520 008359 000452 010654 010655 005805 011453 001766 003230 004905 003231 010031 000879 000878 010586 010585 009162 006113 470006 399011 001861 004851 009163 011151 000220 009893 002708 010111 010110 163001 000339 003032 010388 010387 003095 003096 000974 005303 005304 360005 519171 001417 009664 009665 005176 001563 005433 007481 011383 011082 000780 002300 000523 090020 240020 010731 010732 010054 010055 519673 003291 200006 008884 008885 002408 007553 000711 010090 010091 000684 002919 001365 006235 003284 004683 006002 006003 010709 010710 519670 010405 519655 009542 006881 011288 011289 011948
证券: 161720 004069 004070 006098 007531 007992 007993 008590 501047 501048 008591 160419 502053 160516 163113 502010 160633 012044 161027 501016 001553 001552 160625 007882 000950 004836 004837
保险: 167301
银行: 161723 001594 001595 160517 007153 007154 009860 004597 004598 161121 006697 160418 160631 240019 161029 168205 012042 008298 008299 020021 161211 001539 005999 160814 165521 001469 002979 005662 005663 008283 519671 240016 000251 001392 001393 010696 007800 310398 004871 010312 005937 005938 519027 160725 160716 257040 530010 005445
有色金属: 010990 004432 004433 011630 011631 160221 165520 003624 003625 690008 240022 011068 011607 161217 004205 110025 050024 160620 001121 001120 257060 005402 010235 540008
钢铁行业: 502023 168203 008189 008190
航天航空: 003017 005693 161024 502003 163115 001838 501019 164402 000596 002199 012041 160630 005774 010364 160643 000535 004139 002251 002885 004224 011148 011712 005609 011113 002983 008960 020022 004698 011592 000690 001475 002703
汽车零部件: 004854 004855
化学制品: 582003 011707 000478 005633 005660 005661 519975 004352 460009 007831 007832 010246 006593 006594 006729 006730 001244 006104 004221 519983 162216 163110 161017 005632 005062 005795 502000 009300 006682 001839 011410 011411 008631 001556 001557 450004 004791 004790 009608 004192 004193 009609 001637 002730 003484 090018 005994 006230 007089 003485 002731 003717 010484 010158 002510 373010 010157 007795 003241 004945 009460 009613 003242 009614 161038 008112 002907 007943 008113 501037 002906 501036 005120 005260 006611 660011 005261 007223 164809 008259 010993 008258 070039 001301 006656 006657 010992 000008 001052 001241 006214 011337 165511 006215 006382 011336 006440 006938 006441 162711 001300 004348 001455 002903 006087 001214 005966 161039 000978 160119 005965 160616 008396
通用设备: 162413 006486 006487 004195 004194 002210 003865 161039 162510 003241 003242 003165 003166 002731 007571 202025 002730 070030 005727 007223 164809 010992 010993 501036 001050 501037 008396 008397 165511 660011 006656 006657 006214 006215 000008 008258 002903 008259 162711 070039 001052 006382 006087 001214 004348 160119 001241 007028 006938 007029 000962 007886 005919 003646 003647 007885 001244 006104 006611 001455 160616 008001 007932 005457 010246 460009 161038 002311 002316 000478 005633 006166 006165 008415 008112 002872 008113 001990 004234 161017 000362 162216 005632 000363 004192 004193 001637 006729 006730 010154 010153 009327 002305 009328 007499 005313 005314 005244 005245 006682 003717 010484 163110 002076 007386 160323 007831 007832 020010 008930 001736
医疗服务: 001550 001551 000059 006569 001180 002978 000727 009274
环保行业: 501030 501031 164908
化肥行业: 000478 005633 005661 005660 007831 007832 008631 005207 202027 004352 005957 005958 502000 009300 582003 450004 006230 006593 006594 005331 010643 007090 007238 007239 002907 003717 002906 010484 000410 011707 233009 010363 510081 009003 460009 010246
贵金属: 002207 001302
计算机设备: 008087 008086 010524 008889 160626 217019 004409 001361 012040 163116 010531 160636 001617 001618 161025 000942 002974 007873 007874
软件开发: 003359 002236 165523 162102 210009
工程机械: 160620 050024 257060 161217 690008 161715 011607 166301 000390 001959 240022 011068 160221 630002 165520 010761 011630 011631
专用设备: 006486 006487 162413 004194 004195 005457 161039 005313 006165 005314 006166 070030 005727 003646 003647 002210 003865 008898 008899 005245 005244
